Accuracy:
DCG model accuracy: 	 0.76
Diffusion model accuracy: 	 0.76
Diffusion-DCG accuracy: 	 0.84
F1 Score: 	 0.5678987678987679
T-SNE at time '0' [[  31.607716   -94.253    ]
 [ 121.892456   -10.184622 ]
 [ -23.219067  -106.068924 ]
 [  15.820255    45.219368 ]
 [  43.19499    -63.060047 ]
 [-172.82822    -33.994415 ]
 [  -2.92343     28.587406 ]
 [ -85.32085     28.770353 ]
 [  89.51404     54.358395 ]
 [  20.929285    33.285004 ]
 [-100.383766    24.181553 ]
 [ 135.56828    -17.420078 ]
 [ 130.22827    -14.6411085]
 [ -99.32586     41.181637 ]
 [  39.73047    -78.16028  ]
 [  32.07933      1.8221436]
 [  31.321093   129.34502  ]
 [  65.739365    47.49768  ]
 [ -18.842587   -82.037254 ]
 [  71.862       63.72028  ]
 [-136.30402    106.02227  ]
 [  78.350426   -50.432976 ]
 [  38.396065   -58.101524 ]
 [  24.488913   133.90114  ]
 [ -21.803698   -97.60667  ]
 [-156.4311    -106.571526 ]
 [-135.3657     100.292534 ]
 [  34.927822    -3.3977733]
 [   5.5814342   31.172762 ]
 [-163.82526    -44.85301  ]
 [  73.32076     53.887478 ]
 [  36.059242   -87.092354 ]
 [-130.79126     80.78084  ]
 [ -95.364426    32.727    ]
 [  71.401924   -56.608955 ]
 [-128.30116     75.35403  ]
 [  28.940289   -58.991257 ]
 [  68.81252    -73.61116  ]
 [-109.06097     44.91261  ]
 [  57.56972     42.20159  ]
 [  64.58939    -64.935135 ]
 [-169.84886    -39.07719  ]
 [ -20.919382   -91.66761  ]
 [  83.68716     52.9367   ]
 [ -95.68418     46.48932  ]
 [-151.8287    -109.943184 ]
 [  36.95458    -46.891273 ]
 [  54.492294   -63.154236 ]
 [  14.996512    34.954437 ]
 [  19.434668   137.19867  ]]T-SNE at time '15' [[   43.802364     -4.4523835]
 [  -92.951584   -149.74994  ]
 [   -7.552837    -20.602745 ]
 [  570.39185      18.232151 ]
 [  -60.333576   -114.6319   ]
 [  113.96298    -211.51274  ]
 [  190.63277   -2476.3977   ]
 [  141.98125    -135.91116  ]
 [ -280.93213      -9.428996 ]
 [  -93.63613     105.361465 ]
 [   24.663115    132.8688   ]
 [  -73.62768     -97.07808  ]
 [  -73.32044    -134.28935  ]
 [   39.08535      92.42336  ]
 [  -24.11327     -41.131615 ]
 [  -68.416336   -178.12285  ]
 [ -164.37146      -7.1413198]
 [  -48.02109     204.88991  ]
 [   33.27327     -69.65835  ]
 [ -287.79254     -21.863842 ]
 [  139.61346      79.11415  ]
 [   64.05135     152.05832  ]
 [  -54.66228     -31.259577 ]
 [ -165.91273       7.967337 ]
 [   12.702139    -68.94513  ]
 [  123.51514    -168.95937  ]
 [  153.77353      82.21453  ]
 [  -61.26347    -191.04648  ]
 [ -196.51695     376.54193  ]
 [  119.8591     -231.20804  ]
 [  -58.589462    194.52948  ]
 [   29.083464     -3.8559709]
 [  215.0671      127.03155  ]
 [   32.69211     107.367805 ]
 [  -75.22391     177.34665  ]
 [  204.6429      117.38175  ]
 [ -148.2892      292.7194   ]
 [   -7.7655334   251.40579  ]
 [   84.685425   -192.01534  ]
 [   55.863052    130.83617  ]
 [    4.637956    260.27396  ]
 [  109.05609    -193.155    ]
 [  -79.369194    -50.409462 ]
 [ -189.94615     -41.84853  ]
 [    8.983242    101.28033  ]
 [  131.41539    -155.1431   ]
 [   50.461296     71.43623  ]
 [  -38.140938    -47.38082  ]
 [  -37.003464   -121.73708  ]
 [ -167.19183      27.151396 ]]T-SNE at time '30' [[-4.56630554e+02 -2.11857956e+02]
 [-5.57712555e+01  4.51853676e+01]
 [-1.34630234e+02  3.83938766e+00]
 [-1.43978073e+02 -4.02828445e+01]
 [-1.01451897e+02 -1.46778841e+01]
 [-3.50660264e-01  1.09303299e+02]
 [-4.57109909e+01  2.97340095e-01]
 [-2.11396837e+00  1.27169159e+02]
 [ 8.54437943e+01  1.99478436e+01]
 [-4.98182249e+00 -9.78817139e+01]
 [ 2.76659424e+03  3.35612762e+02]
 [-2.69495583e+01 -1.28668623e+01]
 [-1.23848297e+02 -5.10423622e+01]
 [-5.85675392e+01 -1.29149673e+02]
 [ 8.48324051e+01  1.08131142e+02]
 [-2.94395084e+01 -1.29096365e+00]
 [-1.07595549e+01  1.19512014e+01]
 [ 4.57066307e+01 -5.51855354e+01]
 [-1.09544685e+02 -2.45067196e+01]
 [ 8.45812607e+01  3.08899994e+01]
 [ 1.57536240e+02 -2.61144753e+01]
 [-1.83934174e+02  1.85120361e+02]
 [ 4.26834869e+00 -9.86047516e+01]
 [-2.16090870e+01  4.17681742e+00]
 [ 6.23080322e+02 -9.79655228e+01]
 [ 8.05857372e+00  9.82446442e+01]
 [-1.65922127e+01 -8.78949280e+01]
 [-1.30244858e+02 -3.79191246e+01]
 [ 1.68789730e+01 -1.02724922e+02]
 [-3.81848419e+02  1.50136246e+02]
 [ 1.60208832e+02 -1.77635517e+01]
 [-1.18692703e+02 -2.15876617e+01]
 [ 8.73706818e+01 -1.68474197e+00]
 [-5.08081017e+01 -1.33072617e+02]
 [ 2.68374119e+01 -4.60663033e+01]
 [ 1.49327591e+02 -4.86147919e+01]
 [-1.58597889e+01 -1.05247833e+02]
 [-1.29112289e+02 -5.91491318e+00]
 [ 1.00431801e+02 -1.01143127e+02]
 [ 3.40699768e+01 -5.08415337e+01]
 [ 9.94045334e+01  1.11298630e+02]
 [-1.60019207e+01  1.09288033e+02]
 [-9.81637497e+01 -3.41786728e+01]
 [ 8.61787720e+01  1.09974165e+01]
 [ 1.53340332e+02 -3.86061211e+01]
 [ 3.54652810e+00  1.17677185e+02]
 [-7.04097214e+01 -1.24389526e+02]
 [ 9.22891388e+01  1.02951744e+02]
 [-5.13636208e+01  5.24064102e+01]
 [ 9.96983032e+01 -9.28095016e+01]]T-SNE at time '45' [[  -66.81699     -76.137764 ]
 [ -130.89088       6.968921 ]
 [ -270.82748    -600.9885   ]
 [  193.10323     802.7478   ]
 [ -262.35297     -81.3317   ]
 [  171.32214      71.834045 ]
 [  -40.524635    267.46582  ]
 [   20.12866     -86.235725 ]
 [  171.05309    -157.9398   ]
 [   88.747025    609.3581   ]
 [  579.68616      88.496056 ]
 [   91.25975     -76.80216  ]
 [ -482.30048    -525.1121   ]
 [  130.7157       87.77804  ]
 [ -117.582275    118.49088  ]
 [   72.14732    -348.63254  ]
 [  154.95157    -116.92042  ]
 [   57.33047      93.69426  ]
 [  -64.98786     -10.815319 ]
 [  102.14933      28.941263 ]
 [ -120.97211    -429.67303  ]
 [   -3.4313006  -214.38744  ]
 [  184.13179     488.26865  ]
 [ -217.59145    -780.6537   ]
 [ -209.19171      -4.403601 ]
 [  258.1258      169.61278  ]
 [   26.92356     187.75626  ]
 [ -171.52847     -44.688236 ]
 [   80.79205     240.16222  ]
 [   33.09489    -273.8068   ]
 [ -187.13861    -204.14232  ]
 [  367.15762    1783.5382   ]
 [  -22.379763     92.98489  ]
 [  -85.93592      57.852505 ]
 [  -17.674574   -142.79169  ]
 [ -180.1706      573.7723   ]
 [  -40.784386    169.98428  ]
 [   63.249126   -172.37784  ]
 [  216.9544      555.72546  ]
 [  -66.010414    218.95988  ]
 [   45.43762       9.926421 ]
 [  245.87302     354.4145   ]
 [-1143.0223      224.23428  ]
 [  441.78726     290.9893   ]
 [ -144.7523     -507.65115  ]
 [  -61.777477   -281.6286   ]
 [  170.0998      154.42445  ]
 [  -60.11266   -2487.8335   ]
 [  143.0634     -266.5902   ]
 [   95.85071    -979.7387   ]]