Accuracy:
DCG model accuracy: 	 0.7825
Diffusion model accuracy: 	 0.66
Diffusion-DCG accuracy: 	 0.735
F1 Score: 	 0.46291253954439326
T-SNE at time '0' [[-5.56891251e+00 -1.76121216e+01]
 [ 3.14092159e+01 -3.79375153e+01]
 [-2.77922726e+01 -4.46329842e+01]
 [-3.36294198e+00 -1.49663925e+01]
 [-1.11418390e+00  1.18460207e+01]
 [-1.43934870e+01 -2.93614445e+01]
 [ 4.96962471e+01 -4.47750053e+01]
 [ 3.94861069e+01 -3.83031540e+01]
 [ 3.89940910e+01 -2.44292812e+01]
 [-6.52557297e+01 -1.65473289e+01]
 [ 6.94752655e+01 -9.41124535e+00]
 [ 7.06387634e+01 -1.10155296e+01]
 [-5.05874214e+01 -5.28585320e+01]
 [ 1.13977528e+01  5.74328346e+01]
 [ 8.03252716e+01 -8.64793682e+00]
 [-3.80038605e+01  3.34784508e+01]
 [ 4.90636301e+00 -2.00725174e+00]
 [ 6.84355850e+01  4.36487122e+01]
 [ 4.56781273e+01  3.60616188e+01]
 [-8.43519058e+01 -3.93725014e+01]
 [-6.05931015e+01  4.15989838e+01]
 [-5.55269241e+01  1.51469936e+01]
 [ 2.01199169e+01  4.09279060e+01]
 [ 3.87132530e+01 -2.26601429e+01]
 [ 4.52874832e+01  3.42066078e+01]
 [-6.51503448e+01 -4.14156876e+01]
 [-5.71297989e+01 -2.46979065e+01]
 [ 7.36458817e+01 -1.37448177e+01]
 [-4.98220634e+01 -4.04269180e+01]
 [ 3.81132812e+01  1.20748949e+01]
 [-5.91956482e+01 -1.91112423e+01]
 [ 2.33670006e+01  1.78981152e+01]
 [ 1.85892715e+01 -3.99098663e+01]
 [ 6.42175751e+01 -2.96938038e+01]
 [ 6.82686844e+01  4.31664238e+01]
 [ 4.80007858e+01  2.02349491e+01]
 [-2.46533623e+01 -4.85146751e+01]
 [-2.54636517e+01  8.42814102e+01]
 [-5.56897697e+01  4.46990662e+01]
 [-2.19156818e+01  2.76952267e+01]
 [ 2.35298519e+01 -5.89311905e+01]
 [-6.51140747e+01 -3.99165039e+01]
 [ 4.11515617e+01  2.78607140e+01]
 [-3.89271202e+01  1.48933573e+01]
 [ 7.31588211e+01  1.16097288e+01]
 [-4.50262260e+01 -3.40593147e+01]
 [-1.41440849e+01 -1.77843513e+01]
 [-4.90726776e+01  5.14911194e+01]
 [-4.75578423e+01 -5.84689789e+01]
 [-9.37088966e+00  7.06712494e+01]
 [ 5.70209742e+00 -3.40457344e+00]
 [-2.34513831e+00  5.22675247e+01]
 [-5.09348259e+01  5.00922623e+01]
 [-1.30356350e+01 -7.19839706e+01]
 [-1.44997702e+01 -2.94343739e+01]
 [ 3.92911453e+01  1.58224499e+00]
 [-6.63908005e+01  2.38933830e+01]
 [-6.38032532e+01 -1.59606009e+01]
 [ 1.00420322e+01 -2.96316032e+01]
 [-5.61511850e+00 -4.96644516e+01]
 [ 2.52717609e+01  5.17491798e+01]
 [ 9.55289936e+00 -6.79060593e+01]
 [ 9.34477806e+00 -5.23112411e+01]
 [-4.78998489e+01 -2.90067348e+01]
 [-4.75212383e+00  5.45638695e+01]
 [ 6.56733322e+01  3.76569519e+01]
 [-2.68966541e+01 -4.87281914e+01]
 [ 7.86015272e+00 -2.99021721e+01]
 [-5.56254244e+00 -5.03849449e+01]
 [ 6.91879272e+01 -2.28290653e+01]
 [-6.27356224e+01 -1.27135792e+01]
 [ 1.23173761e+01  2.03864555e+01]
 [-1.69161415e+00 -6.64381027e+01]
 [-3.13934231e+01 -2.94549980e+01]
 [ 3.10883083e+01  1.52435389e+01]
 [-1.50222301e+00  5.23275070e+01]
 [ 6.90383530e+01 -2.30130215e+01]
 [-2.61496506e+01 -2.34655857e+00]
 [ 1.07076991e+00  1.37324600e+01]
 [-6.03685617e+00  7.08621140e+01]
 [-5.12312126e+01 -3.06356373e+01]
 [-8.34250069e+00  2.57726326e+01]
 [-5.11930923e+01  1.70740681e+01]
 [-8.49253769e+01 -3.40520325e+01]
 [ 8.18238678e+01 -2.71360302e+00]
 [ 2.03284702e+01 -4.12596779e+01]
 [-1.23309546e+01  5.94769669e+01]
 [-2.53224735e+01  8.95029736e+00]
 [ 1.97438717e+01 -6.71768417e+01]
 [ 3.31547356e+01 -3.78736267e+01]
 [-7.16715851e+01  1.62852001e+01]
 [-5.83618584e+01  4.29165497e+01]
 [-8.90699387e+00 -6.30791435e+01]
 [ 2.27301731e+01 -6.08173676e+01]
 [-1.62500210e+01  6.09190331e+01]
 [-9.00677109e+00 -2.18255272e+01]
 [-1.60037651e+01 -7.04045486e+01]
 [-2.73227921e+01 -4.56070061e+01]
 [ 4.81283379e+01  2.19309921e+01]
 [ 2.27490883e+01  6.65204086e+01]
 [-2.50609989e+01  2.81440907e+01]
 [-5.18906708e+01  5.41010141e+00]
 [ 1.95045257e+00  1.19841118e+01]
 [ 7.47076263e+01 -1.59607391e+01]
 [-4.32085896e+00  5.31327486e+00]
 [ 7.70756073e+01 -1.11717958e+01]
 [-4.81723833e+00  6.94349909e+00]
 [-4.80243111e+01  4.82938118e+01]
 [-5.56993484e+01  3.36959229e+01]
 [-5.44303703e+01  3.42403946e+01]
 [ 8.27849426e+01 -5.64928722e+00]
 [ 4.95291281e+00 -3.00044384e+01]
 [-4.95528412e+01 -3.08872280e+01]
 [-2.68551331e+01  8.49314346e+01]
 [ 3.19409294e+01 -3.79166412e+01]
 [ 8.85220871e+01  7.31992197e+00]
 [ 2.38496037e+01  1.77215729e+01]
 [ 4.81441545e+00  1.07141447e+01]
 [-3.18750648e+01 -3.16515064e+01]
 [ 2.17088470e+01 -3.76597252e+01]
 [ 5.28339043e+01 -2.05039120e+00]
 [ 8.23557892e+01 -6.22594738e+00]
 [-2.93930702e+01 -5.47129097e+01]
 [-4.26130152e+00 -6.43402939e+01]
 [-1.34049368e+01  5.99862366e+01]
 [-8.19991082e-02  5.23622589e+01]
 [-1.14292784e+01  2.99669800e+01]
 [ 1.27656994e+01 -7.69266586e+01]
 [-2.33763561e+01 -4.89182663e+01]
 [-3.46709991e+00  2.57511115e+00]
 [-4.80132751e+01 -3.43615875e+01]
 [ 4.55632858e+01  3.54890480e+01]
 [ 2.42138538e+01 -1.99869137e+01]
 [-6.82214584e+01  2.07855587e+01]
 [-5.72590790e+01 -2.44537735e+01]
 [ 6.16812286e+01 -3.00171547e+01]
 [-5.91729736e+00  8.79195309e+00]
 [ 2.88083439e+01  5.83017311e+01]
 [ 2.19583359e+01  4.36258621e+01]
 [-3.17478008e+01 -2.63360901e+01]
 [ 1.55950203e+01  2.41208744e+01]
 [ 3.84633331e+01  1.04775286e+01]
 [ 8.85183716e+01  7.38584471e+00]
 [ 7.14060745e+01  1.36935425e+01]
 [-1.10017653e+01  3.63368454e+01]
 [ 6.14484072e+00 -4.82538605e+00]
 [-5.04618454e+01 -5.70788193e+01]
 [-1.43005981e+01 -1.03619728e+01]
 [-5.11099768e+00 -1.71654625e+01]
 [ 1.30844612e+01 -6.80241241e+01]
 [-5.62288246e+01  3.34903831e+01]
 [-1.62722607e+01  6.20723915e+01]
 [ 7.53606186e+01 -1.23721266e+01]
 [ 4.56608677e+00 -3.00062237e+01]
 [-1.03627672e+01 -2.09633331e+01]
 [-1.42614870e+01 -1.06755085e+01]
 [-4.96822128e+01  1.60443325e+01]
 [ 1.18845167e+01 -6.76524582e+01]
 [-2.48781033e+01  8.07381153e+00]
 [ 2.55279560e+01  5.19442863e+01]
 [ 6.84658890e+01 -8.39069366e+00]
 [-3.53911400e+01 -1.87779789e+01]
 [-5.01396332e+01 -4.26691742e+01]
 [ 2.02169495e+01 -3.96117821e+01]
 [-1.11718340e+01  3.57678642e+01]
 [-4.91108561e+00  7.25715714e+01]
 [ 9.35871792e+00 -5.23012199e+01]
 [ 4.70415382e+01  4.33839989e+01]
 [-1.05531197e+01 -2.02452545e+01]
 [-2.92904987e+01 -5.44932251e+01]
 [-2.25168495e+01  2.77616386e+01]
 [ 9.59389973e+00 -2.98249550e+01]
 [ 3.91198120e+01  4.62405682e+00]
 [ 1.36253576e+01 -6.82149506e+01]
 [ 5.05697937e+01 -4.52911949e+01]
 [-4.98869019e+01  5.19453430e+00]
 [-2.80228176e+01 -4.41791916e+01]
 [ 1.94772606e+01  6.64952011e+01]
 [-8.44752045e+01 -3.76939697e+01]
 [ 6.49914703e+01  3.51747398e+01]
 [ 5.18840866e+01  1.71646805e+01]
 [-4.63940048e+01 -3.41419983e+01]
 [-5.49539795e+01  4.22755737e+01]
 [ 2.25524368e+01 -5.80263367e+01]
 [-5.19189568e+01  2.59875050e+01]
 [ 2.41153202e+01 -9.86179161e+00]
 [ 6.08838158e+01  7.24251556e+00]
 [ 2.92946491e+01  5.81924133e+01]
 [ 7.04037781e+01 -1.18879938e+01]
 [-5.06155920e+00  7.60876703e+00]
 [-5.45450020e+01  1.55248947e+01]
 [-4.38737535e+00 -6.38182907e+01]
 [ 2.57694397e+01  3.88070564e+01]
 [-2.32525849e+00  1.21317663e+01]
 [ 6.48536530e+01 -2.72760639e+01]
 [ 1.32362280e+01 -3.29664993e+01]
 [-9.40244484e+00  2.72532597e+01]
 [ 2.41506405e+01 -9.22055721e+00]
 [-3.27434349e+01  5.49931717e+01]
 [ 4.14333496e+01  2.64614182e+01]
 [-1.05058784e+01  3.80162468e+01]
 [ 1.19606838e+01 -6.61294174e+01]
 [ 2.17224255e+01  7.61905365e+01]
 [ 1.27142882e+00  1.23661470e+01]
 [-8.47897110e+01 -3.52141991e+01]
 [ 1.93117008e+01  4.73154526e+01]
 [-1.00185404e+01  3.95090599e+01]
 [ 5.92519855e+00 -1.25809729e-01]
 [ 4.59675102e+01  1.89656258e+01]
 [-1.91008396e+01  5.96423531e+01]
 [-2.70307465e+01  1.13315039e+01]
 [ 4.64351616e+01 -3.97903786e+01]
 [ 1.29009981e+01 -3.26791687e+01]
 [-6.74117279e+01  2.19885540e+01]
 [ 4.82989883e+01 -4.41524048e+01]
 [-4.96871338e+01  5.01719971e+01]
 [-5.03457336e+01  4.84874058e+00]
 [ 3.93983498e+01 -3.88935357e-01]
 [ 2.22377529e+01  6.65697403e+01]
 [ 7.35986404e+01 -1.73203411e+01]
 [ 3.66546669e+01 -3.78412666e+01]
 [ 4.10661087e+01  2.84069252e+01]
 [-4.98005066e+01  3.38270187e+00]
 [ 3.88965874e+01 -2.37775974e+01]
 [ 7.28648605e+01  1.33225613e+01]
 [ 4.77586517e+01 -4.43441315e+01]
 [-3.86047292e+00 -6.75861893e+01]
 [-1.13843756e+01 -2.23271313e+01]
 [ 3.79707069e+01 -3.79924088e+01]
 [-1.63565311e+01 -1.99776363e+01]
 [ 7.47208862e+01 -1.29316492e+01]
 [-4.84664574e+01 -5.56970978e+01]
 [ 4.68911324e+01  4.31135521e+01]
 [ 3.90739479e+01  5.23683357e+00]
 [ 5.89639664e+00  4.33829651e+01]
 [ 5.28655548e+01 -2.32153130e+00]
 [-6.70631561e+01  2.25654392e+01]
 [-3.22750816e+01  1.39849997e+01]
 [ 1.32751570e+01  2.22839546e+01]
 [-6.69066315e+01 -1.70500755e+01]
 [-4.73963509e+01 -5.53640785e+01]
 [-8.43154144e+01 -4.05118446e+01]
 [-3.17354965e+01  1.38488531e+01]
 [-4.89227333e+01 -3.63662682e+01]
 [-3.14682541e+01 -3.01086464e+01]
 [ 3.85562668e+01  9.89695549e+00]
 [-2.60045033e+01 -2.92486057e+01]
 [ 5.20464859e+01  1.68658562e+01]
 [ 1.27957697e+01 -7.71844711e+01]
 [-2.42849522e+01  6.59734678e+00]
 [-5.19280243e+01  2.41949825e+01]
 [-5.93762703e+01 -1.78856525e+01]
 [ 2.01689644e+01  4.36582680e+01]
 [ 6.89635086e+01  4.51945038e+01]
 [-4.87400551e+01 -2.99745369e+01]
 [-1.79456081e+01  6.01994247e+01]
 [ 8.22145844e+00 -6.79835510e+01]
 [ 1.47037220e+01  2.23802471e+01]
 [-3.80870361e+01  3.34513779e+01]
 [-2.57845383e+01 -2.92797470e+01]
 [-4.05758429e+00 -1.59631233e+01]
 [-7.67977619e+00 -4.00891418e+01]
 [ 5.33651772e+01 -6.74868965e+00]
 [-6.81093292e+01 -1.74332676e+01]
 [ 5.35339594e+00 -1.84307492e+00]
 [ 3.93285713e+01  8.85105848e-01]
 [ 2.99770622e+01  1.56144466e+01]
 [ 6.73731232e+01 -7.47995996e+00]
 [ 2.40526104e+01 -1.09892864e+01]
 [-4.98387718e+01 -5.41745071e+01]
 [-4.91221504e+01 -3.68992882e+01]
 [-3.45753212e+01 -1.73854580e+01]
 [-5.12539558e+01  1.94782333e+01]
 [ 1.91841717e+01  6.96904230e+00]
 [-3.37927475e+01  1.43172417e+01]
 [-4.02550468e+01  1.50182905e+01]
 [-4.87847595e+01 -5.65059547e+01]
 [-5.12825089e+01  1.77614841e+01]
 [ 2.07031250e+01 -3.89633827e+01]
 [ 1.31262321e+01  5.90709419e+01]
 [-9.09440899e+00  2.68197899e+01]
 [-2.36638012e+01  4.13164806e+00]
 [ 1.47502823e+01  6.19229355e+01]
 [-2.38565521e+01  2.79306335e+01]
 [-5.84943123e+01 -1.69020443e+01]
 [ 2.37611332e+01 -1.57547579e+01]
 [-2.58790798e+01  8.44703751e+01]
 [ 1.92439919e+01 -6.70991898e+01]
 [-8.44939880e+01 -2.79101429e+01]
 [ 5.34118614e+01 -6.94453907e+00]
 [-2.66948528e+01 -3.45187402e+00]
 [ 6.08618813e+01  7.35033274e+00]
 [ 6.44483643e+01  3.66324158e+01]
 [ 1.13283014e+01  1.92350616e+01]
 [-7.07031584e+00 -3.45803032e+01]
 [-8.19560852e+01 -2.32616825e+01]
 [-2.90646439e+01  4.93999786e+01]
 [-7.11355925e+00 -3.42862206e+01]
 [ 6.32214928e+01  3.70726967e+01]
 [ 1.28057880e+01  2.27715359e+01]
 [ 1.26558084e+01  5.85189514e+01]
 [ 1.95204411e+01  5.14978027e+01]
 [-3.52093811e+01 -1.93544235e+01]
 [-1.54142208e+01 -1.90712185e+01]
 [-2.38891335e+01  5.20370245e+00]
 [-2.60658226e+01  1.01654110e+01]
 [-5.71556997e+00 -4.81618767e+01]
 [ 6.93644333e+01  4.63576965e+01]
 [-1.42056799e+01 -1.48667107e+01]
 [-6.30806847e+01 -1.56506023e+01]
 [ 2.04424667e+01  6.66624298e+01]
 [ 2.43314972e+01 -6.03182220e+00]
 [ 1.95791473e+01  5.12230377e+01]
 [-3.66174011e+01 -1.88484974e+01]
 [ 2.43828583e+01 -2.01055012e+01]
 [ 4.49120522e+01  1.84707623e+01]
 [-5.52033157e+01  4.61998291e+01]
 [ 4.69152031e+01 -4.23082657e+01]
 [-6.27896767e+01 -1.40142803e+01]
 [-9.31427383e+00  7.01233597e+01]
 [ 2.09968586e+01 -6.77215271e+01]
 [ 1.42427788e+01  6.08712692e+01]
 [-8.45395813e+01 -3.70137291e+01]
 [-4.83885880e+01  4.86188354e+01]
 [-2.80002155e+01  4.80416641e+01]
 [-3.13572083e+01 -2.78745804e+01]
 [-7.17929688e+01  1.60673962e+01]
 [ 8.21799850e+01 -3.96879172e+00]
 [ 8.44620209e+01 -5.67616749e+00]
 [-3.91369605e+00  5.38150558e+01]
 [ 5.02151947e+01  4.74770966e+01]
 [ 3.07085991e+01  5.80226440e+01]
 [ 1.61613770e+01  2.15503597e+01]
 [-1.72149181e+01 -7.00207138e+01]
 [-9.63474369e+00  4.05861893e+01]
 [-1.41271067e+01 -1.64876060e+01]
 [ 5.79887962e+00  4.35144615e+01]
 [ 7.36072083e+01  1.41076717e+01]
 [ 4.73248787e+01  1.97369862e+01]
 [-5.34374619e+01  3.45108681e+01]
 [-8.64528561e+00 -6.32363930e+01]
 [ 6.36542664e+01 -2.86342812e+01]
 [ 3.48284760e+01 -3.78317833e+01]
 [ 2.68190765e+01  1.67001858e+01]
 [ 6.27800484e+01 -2.86346951e+01]
 [ 2.38076611e+01 -1.60249214e+01]
 [ 2.37901211e+01  3.84545670e+01]
 [-1.01610823e+01  7.18895874e+01]
 [-4.09091835e+01  1.50846291e+01]
 [-3.87276721e+00  3.78931093e+00]
 [ 7.59196396e+01 -1.66103001e+01]
 [ 5.03385773e+01  4.76441078e+01]
 [ 3.92517519e+00  1.11554937e+01]
 [-7.77563047e+00 -4.05559349e+01]
 [-4.08833237e+01 -1.04551554e+01]
 [-8.20632477e+01 -2.32486744e+01]
 [-4.99111023e+01 -4.10335922e+01]
 [-1.16199694e+01  3.03365307e+01]
 [ 2.85330753e+01  1.61010609e+01]
 [-8.45662994e+01 -2.81653996e+01]
 [ 7.83457794e+01 -1.02925930e+01]
 [-2.87021179e+01  4.89335747e+01]
 [ 4.40918465e+01 -4.02920647e+01]
 [-6.50705032e+01 -3.77003670e+01]
 [-3.27553082e+00  5.08911324e+01]
 [-6.50911331e+01 -3.92717323e+01]
 [-4.09674187e+01 -1.02955599e+01]
 [-5.94700279e+01  4.23014832e+01]
 [-5.28778954e+01  1.62834415e+01]
 [ 2.57764149e+01 -5.83136101e+01]
 [ 4.98417511e+01  1.97866936e+01]
 [ 1.83526764e+01  4.24674149e+01]
 [ 2.42634602e+01 -5.86948471e+01]
 [-7.28821182e+00 -3.84354019e+01]
 [-1.07944384e+01  7.29936752e+01]
 [ 6.17807350e+01 -2.72638664e+01]
 [-3.07767487e+00 -6.63607864e+01]
 [-5.19401894e+01  2.65417633e+01]
 [-1.41484051e+01 -7.10962448e+01]
 [ 1.96305923e+01  4.28169746e+01]
 [ 6.27566719e+01  3.71234550e+01]
 [ 2.44059544e+01  3.85384712e+01]
 [ 1.90922508e+01  6.91469145e+00]
 [-4.67938156e+01 -5.97663765e+01]
 [ 2.42522392e+01 -7.50513029e+00]
 [ 2.17063007e+01  7.60727692e+01]
 [-3.26850891e+01  5.50329552e+01]
 [ 1.96207542e+01  4.60095634e+01]
 [-1.46286430e+01 -7.07857132e+01]
 [-5.47119999e+00 -5.16388550e+01]
 [ 7.32584991e+01  1.10055304e+01]
 [-2.59268169e+01 -1.89577639e+00]
 [-1.41997643e+01  6.03647041e+01]
 [ 4.57706718e+01 -4.06633110e+01]
 [-5.59323654e+01  4.39657936e+01]
 [ 2.52627907e+01  1.72390556e+01]
 [-6.50015411e+01 -3.63859100e+01]
 [-2.62483406e+01 -4.79665604e+01]
 [ 2.24982758e+01 -3.66868362e+01]
 [-5.77126932e+00  7.13751526e+01]]T-SNE at time '15' [[-6.20143852e+01  1.80525799e+01]
 [-3.71374893e+01  2.00981760e+00]
 [-9.92181683e+00  5.31901693e+00]
 [-5.51535492e+01  2.68000298e+01]
 [-3.45173302e+01  1.54867315e+01]
 [-7.18116913e+01  3.56621361e+01]
 [ 7.07321024e+00 -7.84574966e+01]
 [-2.91124287e+01  7.13262634e+01]
 [ 1.62837334e+01 -5.82568693e+00]
 [ 1.92983475e+01 -4.59833794e+01]
 [ 6.48530655e+01  1.59915142e+01]
 [-2.57177615e+00  5.59595299e+01]
 [-2.04955273e+01 -6.40815430e+01]
 [ 1.85696239e+01 -4.42786484e+01]
 [-1.87826290e+01 -6.10833473e+01]
 [ 3.44477081e+01  1.54735756e+01]
 [-5.43675003e+01 -1.14258928e+01]
 [ 3.47482300e+01 -5.76624069e+01]
 [ 5.46590424e+01 -3.30613098e+01]
 [-2.25436096e+01 -5.98585701e+01]
 [ 3.34762154e+01  4.58447762e+01]
 [ 1.74567699e+01  1.15242901e+01]
 [ 3.28153114e+01  1.64985676e+01]
 [-5.48768501e+01  4.28181114e+01]
 [ 7.90647278e+01 -1.13129008e+00]
 [-8.03758087e+01 -7.76029682e+00]
 [ 6.69241095e+00 -6.57840881e+01]
 [ 8.33789444e+00  6.00365028e+01]
 [-4.35264626e+01 -4.94818382e+01]
 [-2.78418427e+01  3.62073364e+01]
 [-7.08962774e+00 -5.44254723e+01]
 [-3.06894612e+00 -3.46296196e+01]
 [-3.44370346e+01  3.40031838e+00]
 [-1.98202629e+01  4.81687698e+01]
 [ 3.60870705e+01 -5.66836662e+01]
 [ 3.01393929e+01 -9.52114880e-01]
 [-1.98268909e+01 -1.42831573e+01]
 [ 1.22125702e+01  5.75166855e+01]
 [ 4.31296463e+01  6.00851669e+01]
 [ 1.27675991e+01 -1.83346653e+01]
 [ 1.32312260e+01 -7.07147903e+01]
 [-8.02692184e+01 -7.93963003e+00]
 [ 4.42031021e+01  1.23147125e+01]
 [-5.64436817e+00 -3.62297974e+01]
 [-4.66631031e+00  5.49208565e+01]
 [-6.19183311e+01 -3.12568321e+01]
 [ 1.89601307e+01 -4.69683838e+01]
 [ 4.67873383e+01  6.24271545e+01]
 [-2.79275093e+01 -4.07974205e+01]
 [ 1.11851101e+01  5.63847160e+01]
 [-2.11036825e+00 -1.73787270e+01]
 [ 1.86842632e+01  3.77048607e+01]
 [ 5.00683403e+01 -1.48287427e+00]
 [-4.37338791e+01 -4.02552490e+01]
 [-1.88794479e+01 -1.72034016e+01]
 [-3.02941895e+01  7.34365845e+01]
 [ 3.54182892e+01  4.51338615e+01]
 [ 1.81368198e+01 -4.87394562e+01]
 [-5.74351120e+01 -1.13604813e+01]
 [-3.93109818e+01 -3.03622456e+01]
 [ 5.36566582e+01 -3.07922363e+01]
 [-6.91124649e+01 -1.95479031e+01]
 [-5.50491791e+01  2.86259995e+01]
 [-1.86833935e+01 -7.36877489e+00]
 [ 4.84395523e+01  3.68162498e+01]
 [ 2.02804127e+01 -4.84968605e+01]
 [-2.26422253e+01 -2.01504250e+01]
 [-6.61527405e+01 -1.91964321e+01]
 [-3.94619255e+01 -2.97489452e+01]
 [-2.43660049e+01  7.80372238e+01]
 [ 2.11698608e+01 -4.94542618e+01]
 [-2.82886009e+01  4.32133198e+00]
 [-5.43096199e+01 -2.83031063e+01]
 [-3.60060806e+01 -1.78083935e+01]
 [-3.39060249e+01  4.20627518e+01]
 [ 5.03577194e+01  1.78328767e-01]
 [ 4.28655910e+00  5.16370087e+01]
 [ 5.74899387e+00 -6.94006271e+01]
 [-2.87516060e+01  9.06976795e+00]
 [ 7.84725904e+00  5.47424049e+01]
 [-7.11198282e+00 -5.52690468e+01]
 [-2.78599281e+01 -4.00152130e+01]
 [ 4.36616440e+01  2.74086342e+01]
 [-2.91339340e+01 -7.41324997e+01]
 [-5.31376076e+00  3.43130112e+01]
 [-6.77942352e+01  3.52270203e+01]
 [ 1.83330746e+01  3.83060036e+01]
 [ 2.85374012e+01 -1.40478611e+00]
 [ 5.97549486e+00 -6.99675293e+01]
 [-3.55004425e+01  2.51260495e+00]
 [ 4.85064507e+01  3.18096256e+01]
 [-9.55403328e+00 -2.48112822e+00]
 [-3.69661903e+01  8.82616416e-02]
 [ 7.56823683e+00 -6.72038574e+01]
 [ 3.37431383e+00  7.94062881e+01]
 [-2.03216858e+01 -1.64957218e+01]
 [-4.35279274e+01 -3.98093376e+01]
 [-9.51837444e+00  4.89745235e+00]
 [ 3.03376293e+01  3.62956643e-01]
 [ 6.44513779e+01 -2.77682076e+01]
 [ 1.40704451e+01 -1.81215115e+01]
 [ 1.77852268e+01  1.86937599e+01]
 [-3.24753609e+01  9.00293159e+00]
 [-9.44921553e-01  5.49171829e+01]
 [ 3.54963994e+00 -1.33062296e+01]
 [-5.88516569e+00  3.38152885e+01]
 [-2.95422039e+01  8.26395512e+00]
 [ 5.05257378e+01  8.99183631e-01]
 [ 1.53631473e+00  1.24306774e+01]
 [ 3.31399422e+01  5.21871605e+01]
 [ 6.32847557e+01  1.65573730e+01]
 [-6.54096298e+01 -1.90332813e+01]
 [-1.69217682e+01 -8.04423046e+00]
 [ 1.54298306e+01  5.19894562e+01]
 [-3.66322708e+01  1.70995152e+00]
 [ 7.24093170e+01  1.66690121e+01]
 [-4.21218491e+00 -3.52306061e+01]
 [-5.22188110e+01 -1.14340935e+01]
 [-2.83601379e+01 -2.61927643e+01]
 [-5.63202553e+01  2.62266231e+00]
 [-2.20099583e+01  4.66649284e+01]
 [ 6.25994263e+01  1.68449383e+01]
 [ 3.82587700e+01 -1.28303347e+01]
 [-6.16092033e+01 -3.16897011e+01]
 [ 1.58887167e+01  5.52636948e+01]
 [ 4.70806274e+01 -2.92002277e+01]
 [-2.11506538e+01 -4.19283295e+01]
 [-7.25186081e+01  1.32838602e+01]
 [-5.51041985e+01  2.73909054e+01]
 [ 4.24481392e+00 -6.88960876e+01]
 [-1.75029068e+01 -8.30105305e+00]
 [ 7.55821152e+01 -7.04067993e+00]
 [-7.36016312e+01  1.00310431e+01]
 [ 4.83362961e+01  3.65617371e+01]
 [-5.94282961e+00 -5.59717865e+01]
 [ 7.29298935e+01  1.03489246e+01]
 [ 1.68427467e+01 -6.89743185e+00]
 [ 5.21087570e+01  1.04643183e+01]
 [ 5.40690079e+01 -2.47124557e+01]
 [ 5.06481934e+00 -3.78072472e+01]
 [-3.21153564e+01  2.70308609e+01]
 [ 9.13794422e+00  5.26734848e+01]
 [ 7.22065277e+01  1.53697033e+01]
 [-1.94008198e+01  4.96820145e+01]
 [ 3.79543352e+00 -1.32614927e+01]
 [-5.67706642e+01 -4.14474220e+01]
 [-2.18351345e+01 -6.41799393e+01]
 [ 3.97739639e+01 -1.44332285e+01]
 [-5.73271790e+01  3.68006973e+01]
 [-5.51504250e+01  4.37706995e+00]
 [-1.36770983e+01  2.07748909e+01]
 [ 1.00656700e+00  7.19848251e+01]
 [-5.80203772e+00  3.57942505e+01]
 [-7.14250259e+01  8.77344131e+00]
 [-6.11263580e+01  1.75509701e+01]
 [ 4.11920624e+01 -1.57090054e+01]
 [ 9.46711349e+00  8.58297253e+00]
 [-5.66427765e+01 -2.89584637e-01]
 [ 4.83844986e+01 -2.87578278e+01]
 [ 4.57291718e+01 -2.96748009e+01]
 [-2.14153409e+00  5.74600677e+01]
 [ 8.24835110e+00 -3.96999130e+01]
 [-2.53751469e+01 -6.19926338e+01]
 [-5.54382324e+01  3.96430278e+00]
 [ 9.16545200e+00 -2.09030628e+01]
 [ 7.72228956e+00  6.15196991e+01]
 [-5.76916466e+01  3.62768478e+01]
 [ 7.61046982e+01 -7.24665642e+00]
 [-2.09302425e+01 -1.66827393e+01]
 [-2.27808533e+01 -2.04558010e+01]
 [ 1.78838253e+01 -1.12049417e+01]
 [-5.60411339e+01 -1.14039259e+01]
 [-2.88660774e+01  7.26471481e+01]
 [-5.73757706e+01  5.37078500e-01]
 [ 3.45362926e+00  2.62349205e+01]
 [ 1.59642334e+01  1.95963459e+01]
 [-3.17857571e+01  7.85525846e+00]
 [ 5.33008881e+01 -3.84911308e+01]
 [-2.51171474e+01 -6.31133423e+01]
 [-6.09373093e+00  5.41157150e+00]
 [-1.33455648e+01  2.21394005e+01]
 [-1.78979759e+01 -1.01177645e+01]
 [ 3.29270554e+01  4.90777435e+01]
 [ 1.29693832e+01 -7.05493622e+01]
 [ 2.96337814e+01  5.18148727e+01]
 [-7.14916153e+01  1.24325304e+01]
 [ 7.49456482e+01  2.39962063e+01]
 [ 5.19248848e+01  1.02929859e+01]
 [-3.09982824e+00  5.34430008e+01]
 [-3.45397186e+01  1.56808004e+01]
 [ 1.66097431e+01  1.03780422e+01]
 [-3.63505135e+01 -1.79493923e+01]
 [ 9.48048019e+00 -7.83712082e+01]
 [-5.41943474e+01 -2.82342072e+01]
 [ 5.12155914e+00  5.24129372e+01]
 [-8.31771374e+00  3.77566814e+00]
 [ 1.02683506e+01 -1.96373425e+01]
 [ 2.60280514e+01 -2.97941875e+01]
 [ 3.10921249e+01  5.14397545e+01]
 [ 4.09997368e+01  1.20756083e+01]
 [ 1.95929642e+01 -1.98102551e+01]
 [-5.92512856e+01 -2.00435355e-01]
 [-2.65674095e+01  9.13640213e+01]
 [-3.03277321e+01  7.05101204e+00]
 [-2.78365326e+01 -7.26066437e+01]
 [ 5.35046310e+01 -2.56091595e+01]
 [ 1.76958733e+01  3.50102348e+01]
 [-2.90383968e+01  5.21469402e+00]
 [ 4.03237457e+01  1.29224815e+01]
 [-2.77997093e+01 -3.87067299e+01]
 [ 1.87043056e+01 -9.62071133e+00]
 [ 7.26052237e+00  6.26925735e+01]
 [-1.00060778e+01  1.22405577e+00]
 [ 4.16352310e+01  3.84519196e+01]
 [-9.23632741e-01  1.69164848e+01]
 [ 4.73277245e+01  6.34049110e+01]
 [ 1.67547607e+01  1.92458038e+01]
 [-2.72687874e+01  7.39075317e+01]
 [ 6.31043549e+01 -4.45122833e+01]
 [ 1.87075841e+00  7.01377869e+01]
 [ 1.78082848e+01 -8.39159584e+00]
 [ 4.41058540e+01  1.26807194e+01]
 [ 1.47678308e+01  2.00318470e+01]
 [-5.65685730e+01  3.78837318e+01]
 [ 5.81498642e+01  7.72674274e+00]
 [ 3.49815273e+00  2.60584984e+01]
 [-5.54311409e+01 -4.13278885e+01]
 [-2.85786781e+01 -2.63714046e+01]
 [-3.52142487e+01  6.47847137e+01]
 [-6.64543381e+01  1.99317379e+01]
 [-2.63209677e+00  5.51473541e+01]
 [-3.04283180e+01 -6.09468613e+01]
 [ 7.44982910e+01 -6.92266846e+00]
 [ 2.11288242e+01 -9.45099163e+00]
 [ 5.16869087e+01 -2.80468998e+01]
 [-4.87925434e+00  7.50770721e+01]
 [ 4.14665451e+01  3.84804268e+01]
 [ 2.56600914e+01 -2.91915073e+01]
 [-7.57207870e+00  2.13486691e+01]
 [-8.11748428e+01  2.27574372e+00]
 [-2.08285618e+01 -4.19783440e+01]
 [-2.67763062e+01 -7.15335617e+01]
 [ 2.48785114e+01 -2.79683800e+01]
 [-6.46525421e+01 -1.74785347e+01]
 [-3.27103653e+01 -1.61563148e+01]
 [ 1.95080738e+01 -9.51908588e+00]
 [-3.23738327e+01 -1.60357227e+01]
 [-8.13967991e+00  2.13396320e+01]
 [-6.04540405e+01 -5.73401511e-01]
 [ 3.06308460e+01 -1.39702439e+00]
 [ 4.18036880e+01  2.82999420e+01]
 [-7.14249372e+00 -5.30402069e+01]
 [ 5.51960869e+01 -3.59177895e+01]
 [ 4.16465530e+01 -5.25876045e+01]
 [-9.80280495e+00 -1.24799669e+00]
 [ 3.43826342e+00  7.95822220e+01]
 [-6.83474045e+01 -1.94575233e+01]
 [ 3.96425858e+01  5.73600616e+01]
 [ 4.05370712e+01  1.07304058e+01]
 [-3.32866669e+01 -6.00985489e+01]
 [-6.34015617e+01  2.07678967e+01]
 [-6.83047104e+01  3.55578041e+01]
 [-6.15599394e+00  7.53850021e+01]
 [-8.13350296e+01  2.04961228e+00]
 [-5.36827469e+01 -1.14309235e+01]
 [-2.80819855e+01  7.32885056e+01]
 [-3.37663918e+01  4.18955612e+01]
 [-5.47900543e+01  4.30053940e+01]
 [ 2.66929054e+01 -3.08735600e+01]
 [-2.36842060e+01 -6.37668419e+01]
 [-4.34215050e+01 -4.96141472e+01]
 [ 2.02299099e+01 -1.99914856e+01]
 [ 4.31952171e+01  2.77566681e+01]
 [ 3.81970119e+00 -3.71006279e+01]
 [ 2.06527081e+01 -4.54238396e+01]
 [-6.51200533e+00 -3.69815598e+01]
 [-2.37565098e+01 -6.06720314e+01]
 [ 3.39820900e+01  1.57720728e+01]
 [-4.36881180e+01  7.61224222e+00]
 [ 4.25648079e+01 -5.16022491e+01]
 [-2.60534382e+00 -1.76660557e+01]
 [ 8.98776150e+00 -6.69937134e+01]
 [ 5.19223061e+01 -4.04398651e+01]
 [ 2.13135567e+01 -2.02777824e+01]
 [-1.98282375e+01 -6.61110926e+00]
 [-6.51547775e+01  1.91721439e+01]
 [ 9.15988731e+00  5.86137886e+01]
 [ 5.87125683e+00 -8.00964355e+01]
 [-2.60819492e+01 -6.46915894e+01]
 [-6.68022966e+00  7.54961395e+01]
 [ 9.05235261e-02  1.77962036e+01]
 [ 7.51232834e+01  2.44744167e+01]
 [-4.97539377e+00  6.49252558e+00]
 [-6.10191870e+00  2.18642902e+01]
 [-7.01442108e+01  3.46114540e+01]
 [-2.91425076e+01 -6.12166176e+01]
 [ 5.08111038e+01  2.07005453e+00]
 [-6.38219337e+01 -2.05313969e+01]
 [ 3.57800980e+01 -5.69048386e+01]
 [-3.03443551e-01  1.35191975e+01]
 [ 4.29256287e+01 -3.08715611e+01]
 [ 6.34760857e+01 -2.83808002e+01]
 [-1.63856201e+01 -4.22347641e+01]
 [-7.03429108e+01  3.31238441e+01]
 [ 4.05218201e+01 -1.23023043e+01]
 [-1.61022816e+01 -4.22416344e+01]
 [-4.28668671e+01 -3.84315681e+01]
 [ 5.56064720e+01 -2.22618923e+01]
 [ 3.91588173e+01 -1.60792866e+01]
 [ 4.40472336e+01 -3.03598461e+01]
 [ 6.37304153e+01 -4.54709435e+01]
 [-2.42323360e+01  7.83499832e+01]
 [ 5.47712173e+01 -3.44126778e+01]
 [-7.23413754e+00  3.07370496e+00]
 [-6.66656570e+01  1.72161808e+01]
 [ 7.91541138e+01 -7.93445468e-01]
 [ 4.76204720e+01  6.39247665e+01]
 [-1.33781123e+00  1.56542091e+01]
 [ 1.72749424e+01 -4.64278488e+01]
 [ 1.57464819e+01  5.40936890e+01]
 [ 5.20468330e+00 -8.09742508e+01]
 [ 4.29528351e+01 -5.11855545e+01]
 [-2.61275997e+01 -6.07467194e+01]
 [ 4.09588547e+01  5.83493500e+01]
 [ 6.20131836e+01  1.83594780e+01]
 [ 9.50649071e+00 -4.04861908e+01]
 [ 4.83180428e+01  3.13637753e+01]
 [ 7.20440598e+01  1.37229195e+01]
 [ 7.44284210e+01  2.26273327e+01]
 [ 2.03440514e+01  3.78774796e+01]
 [ 6.94072800e+01 -6.97752762e+00]
 [ 6.07915878e+01  1.58234968e+01]
 [ 3.91909027e+01  5.70165367e+01]
 [-6.30858765e+01 -2.12519226e+01]
 [ 5.25970955e+01 -3.94895859e+01]
 [-6.42379761e+01  1.93581047e+01]
 [ 6.18875694e+01 -2.92423954e+01]
 [ 4.59402161e+01  1.15761108e+01]
 [-1.32073240e+01  2.28894100e+01]
 [ 3.38114291e-01  1.31492872e+01]
 [-5.18000641e+01 -4.37161179e+01]
 [ 7.25616531e+01  1.16662836e+01]
 [-4.34589844e+01  7.62047243e+00]
 [-2.79081802e+01  3.43826637e+01]
 [-2.24417324e+01  4.64215355e+01]
 [-7.21771698e+01  1.03909311e+01]
 [ 4.99955368e+01 -2.66380577e+01]
 [ 8.79773998e+00  5.40300560e+01]
 [ 9.61348152e+00  8.65655327e+00]
 [-1.07250416e+00 -1.67796116e+01]
 [ 5.79448090e+01 -3.75363655e+01]
 [ 6.97172546e+01 -7.00133371e+00]
 [-3.21808281e+01  2.68929520e+01]
 [-7.25858383e+01  3.62163925e+01]
 [ 7.17435217e+00 -3.90521622e+01]
 [-7.11467133e+01  8.25218010e+00]
 [-3.21411629e+01 -6.04356308e+01]
 [ 1.07266006e+01 -1.93460999e+01]
 [-2.77917919e+01  3.67493515e+01]
 [-2.83023129e+01 -7.31207047e+01]
 [-7.16317368e+00  3.30003853e+01]
 [ 5.80583344e+01  7.88404894e+00]
 [-3.52920113e+01  6.46877060e+01]
 [ 4.88884020e+00 -5.45727119e+01]
 [ 1.81239109e+01  3.62058678e+01]
 [ 4.68434715e+00 -5.46693840e+01]
 [ 6.56572342e+00 -3.86886635e+01]
 [ 3.48861847e+01  4.54378738e+01]
 [ 1.62514477e+01  9.93877792e+00]
 [ 6.29897356e+00 -7.71710434e+01]
 [-1.33324566e+01  2.42946587e+01]
 [ 5.67691841e+01 -3.67806511e+01]
 [ 7.86524677e+00 -7.85006180e+01]
 [-6.81933136e+01  3.72070274e+01]
 [ 1.55349512e+01  5.06804848e+01]
 [-1.96021233e+01  4.76105461e+01]
 [-6.07706871e+01 -3.29799080e+01]
 [ 3.19743118e+01  5.12504425e+01]
 [-5.20706291e+01 -4.34917679e+01]
 [ 5.07184181e+01 -2.79195347e+01]
 [ 8.23399067e+00 -2.21032009e+01]
 [ 5.49028816e+01 -2.33285942e+01]
 [-2.52515125e+00 -3.44172592e+01]
 [-2.83703537e+01 -4.21882973e+01]
 [-7.00163345e+01  1.33443298e+01]
 [ 6.40328293e+01 -4.59460793e+01]
 [-3.70734525e+00  3.41809540e+01]
 [ 6.14004364e+01 -2.94639359e+01]
 [-5.48167572e+01 -4.13777122e+01]
 [-3.97292633e+01 -2.87347622e+01]
 [ 7.21981659e+01  1.31060333e+01]
 [-1.12312288e+01  1.28448164e+00]
 [ 1.73861275e+01  5.41733894e+01]
 [ 1.24828827e+00  7.14783249e+01]
 [ 4.23138885e+01  5.94146385e+01]
 [-2.79371586e+01  3.33898621e+01]
 [-8.53430080e+00 -5.64048157e+01]
 [ 3.95367699e+01 -1.35669708e+01]
 [-5.43887787e+01  5.56035471e+00]
 [ 1.07130518e+01  5.60446739e+01]]T-SNE at time '30' [[ 1.43009377e+01 -3.90844345e+01]
 [ 2.51967640e+01 -1.23230066e+01]
 [ 4.33636169e+01 -4.73247528e+00]
 [ 2.24139748e+01 -3.09094410e+01]
 [ 5.32683983e+01  3.60234566e+01]
 [ 5.42002716e+01  2.71612797e+01]
 [ 3.69181099e+01  5.94361496e+01]
 [ 1.52942591e+01  7.29089050e+01]
 [ 5.38867798e+01  2.92360744e+01]
 [-3.82498703e+01 -1.42255230e+01]
 [-7.01899796e+01  2.18743172e+01]
 [-6.05949211e+01  3.01942253e+01]
 [ 1.92845619e+00 -8.77694778e+01]
 [-2.65076942e+01 -3.42661018e+01]
 [-8.63634262e+01  6.80683327e+00]
 [-6.12020912e+01  2.78061771e+01]
 [ 1.70856495e+01  4.13036079e+01]
 [-2.42020168e+01 -3.62059212e+01]
 [-3.40115967e+01 -3.40852318e+01]
 [ 7.23053598e+00  6.71486588e+01]
 [-1.85533142e+01  2.17921524e+01]
 [-1.46282301e+01  2.08786945e+01]
 [-5.45410881e+01  1.53911343e+01]
 [-3.79514074e+00  5.69599571e+01]
 [-3.24483109e+01  5.63513374e+01]
 [ 3.01230106e+01 -6.39740105e+01]
 [ 5.11774178e+01 -4.85767136e+01]
 [-1.39645777e+01  4.44274979e+01]
 [ 5.15539589e+01 -3.37119713e+01]
 [ 5.29237633e+01  3.76991997e+01]
 [ 3.20182190e+01  3.31059341e+01]
 [ 1.12902892e+00  8.94250965e+00]
 [ 4.43360443e+01  1.27556696e+01]
 [-3.93120079e+01  4.15714989e+01]
 [-2.45621109e+01 -3.38262329e+01]
 [-6.29382133e+00  4.72411423e+01]
 [ 2.39236851e+01 -3.33938828e+01]
 [-3.96702690e+01  3.56288223e+01]
 [-3.46512337e+01 -5.52670364e+01]
 [-1.87704487e+01 -1.74805584e+01]
 [-1.19745054e+01 -3.33557777e+01]
 [ 3.18851051e+01 -6.31755371e+01]
 [-3.05411587e+01  5.83120117e+01]
 [-8.70902729e+00  3.55228281e+00]
 [-6.45012741e+01  1.70000992e+01]
 [ 4.18698997e+01 -5.07795620e+00]
 [-5.44585228e+01 -3.45613594e+01]
 [-3.58669853e+01 -5.36897278e+01]
 [-1.07148924e+01 -8.94280624e+01]
 [-3.88253784e+01  3.98651924e+01]
 [ 4.31477890e+01 -4.40993042e+01]
 [-3.49165192e+01 -1.12144041e+01]
 [-1.82496052e+01  8.39604676e-01]
 [ 5.20588799e+01 -3.21225090e+01]
 [ 6.97826920e+01 -1.58846159e+01]
 [-5.21693726e+01 -2.26089239e+00]
 [-1.33116236e+01  2.01856384e+01]
 [-8.46774197e+00 -6.66587067e+01]
 [ 2.41807289e+01 -6.63153763e+01]
 [ 6.78895798e+01 -1.85127640e+01]
 [-7.06802139e+01  2.22767162e+01]
 [ 3.81828117e+01 -3.59912910e+01]
 [ 4.59872704e+01  1.26119261e+01]
 [-2.12042770e+01 -1.90533199e+01]
 [-4.00388260e+01  2.28184109e+01]
 [-1.04885187e+01 -6.58385315e+01]
 [ 8.22604523e+01 -4.41526175e+00]
 [ 1.80436707e+01 -4.97137489e+01]
 [ 4.08374519e+01 -3.91839075e+00]
 [ 1.56997204e+01  7.21255341e+01]
 [-9.99315262e+00 -6.60403900e+01]
 [ 5.11983919e+00  9.73425579e+00]
 [ 6.59337540e+01 -3.68098259e+00]
 [ 3.77662110e+00 -5.30420380e+01]
 [-2.86675606e+01  5.80204506e+01]
 [-3.53136101e+01 -1.17033443e+01]
 [-2.98767357e+01  7.35520172e+01]
 [ 2.40550098e+01  1.31137066e+01]
 [ 6.52369156e+01 -2.20675716e+01]
 [-3.88410950e+01  3.73889275e+01]
 [ 5.14629364e+01 -3.73115311e+01]
 [ 6.40893326e+01 -1.36402884e+01]
 [-5.27637243e+00  3.01916313e+01]
 [ 5.08790779e+01 -5.17091103e+01]
 [-8.53828888e+01  7.25350380e+00]
 [ 1.89968987e+01 -6.32754860e+01]
 [ 1.65424407e+00 -7.55179882e+00]
 [ 1.84733028e+01 -6.30922050e+01]
 [ 1.27440462e+01 -1.14375877e+01]
 [ 2.67675819e+01 -1.33542042e+01]
 [-4.36588440e+01  6.16472769e+00]
 [ 3.11460257e+00  1.68648586e+01]
 [ 2.09181080e+01  1.34895639e+01]
 [ 5.09792023e+01 -5.03520241e+01]
 [-2.13402863e+01  5.97410355e+01]
 [ 6.84679947e+01 -1.59405231e+01]
 [ 3.72618408e+01 -3.70986748e+01]
 [ 1.26159325e+01 -4.00964355e+01]
 [-9.38045979e+00  4.10190468e+01]
 [-6.20784874e+01  3.61284370e+01]
 [ 5.09297371e+01  4.86054535e+01]
 [-3.64148736e+00  2.90396996e+01]
 [ 5.07161484e+01 -3.57123184e+01]
 [ 2.76066933e+01  6.64449692e+01]
 [ 1.37404308e+01 -3.94430695e+01]
 [-8.34942932e+01  7.83150816e+00]
 [ 6.56869202e+01 -2.16130505e+01]
 [-2.27619343e+01  2.06199741e+00]
 [-8.26454258e+00  3.84506845e+00]
 [ 4.18975220e+01  1.32862816e+01]
 [-6.17502251e+01  3.08321762e+01]
 [ 3.46634865e+01 -3.71016159e+01]
 [ 2.42599792e+01 -3.37839775e+01]
 [ 1.97205429e+01  6.42379227e+01]
 [ 2.01959362e+01 -1.06913509e+01]
 [-6.96887970e+01  6.86252403e+00]
 [ 2.27749958e+01  1.32356319e+01]
 [ 1.72912941e+01  4.35120392e+01]
 [ 8.18351135e+01 -4.86115551e+00]
 [ 3.62860012e+00  6.01637344e+01]
 [ 1.61472111e+01  6.88737793e+01]
 [-8.23809433e+01  1.07094975e+01]
 [ 6.94580994e+01  1.68576794e+01]
 [ 1.25793123e+01 -7.31482267e+00]
 [-2.48717613e+01  6.76923141e+01]
 [-3.43156586e+01 -3.45716171e+01]
 [ 2.41142883e+01 -1.34477329e+01]
 [-3.39384055e+00 -3.32829094e+01]
 [ 4.34333344e+01  1.11901827e+01]
 [ 4.73129578e+01 -4.82285767e+01]
 [ 1.58235302e+01 -3.77669945e+01]
 [-5.78551722e+00  3.28741188e+01]
 [-1.06795108e+00 -3.26009903e+01]
 [-2.02200184e+01 -8.43978584e-01]
 [ 5.15397911e+01 -4.79565353e+01]
 [-1.85948467e+01  4.11788979e+01]
 [ 2.53975487e+01 -8.17995834e+00]
 [-6.29277687e+01  3.85929718e+01]
 [ 2.82387047e+01  2.55348377e+01]
 [ 5.15247688e+01 -2.00643921e+01]
 [ 2.88585796e+01  6.46985474e+01]
 [-1.56049261e+01  4.21280670e+01]
 [-6.77939301e+01  7.08687782e+00]
 [-6.47856903e+01  1.87757416e+01]
 [ 3.14901328e+00  1.63038597e+01]
 [ 1.70618172e+01 -6.25207367e+01]
 [ 1.80297432e+01 -7.41761551e+01]
 [-5.36762924e+01 -3.29892082e+01]
 [ 7.63987064e+00  6.74871521e+01]
 [ 1.70091572e+01 -3.78749580e+01]
 [ 1.34188044e+00  7.50977325e+00]
 [ 1.79333439e+01  4.50820923e+01]
 [ 2.11533451e+01  6.65328979e+01]
 [ 1.70753231e+01 -4.83744850e+01]
 [ 5.89977341e+01  1.14829483e+01]
 [-4.92372932e+01 -2.69095993e+01]
 [-1.60008602e+01  1.27906144e+00]
 [ 2.20616837e+01 -7.19081268e+01]
 [ 7.03417816e+01  1.73914642e+01]
 [-2.35126457e+01 -3.17095375e+01]
 [-6.91947937e+01  2.10936699e+01]
 [ 2.92366848e+01  2.99260569e+00]
 [ 2.17045860e+01 -6.78223190e+01]
 [ 2.82372036e+01 -1.44188471e+01]
 [-2.04712887e+01 -1.70885429e+01]
 [-5.95016670e+01  3.01156940e+01]
 [-8.68747425e+00 -8.92719040e+01]
 [-4.54807510e+01 -2.24226322e+01]
 [ 8.31170578e+01 -3.56129432e+00]
 [ 2.29965897e+01 -3.19639587e+01]
 [-1.45780277e+01 -5.70420036e+01]
 [ 5.21174011e+01  4.28559380e+01]
 [-1.72048798e+01  4.16214142e+01]
 [ 2.89692516e+01 -1.49769230e+01]
 [-4.26716499e+01  2.03292637e+01]
 [-5.73241043e+00  5.48395967e+00]
 [ 2.94402962e+01  3.62924075e+00]
 [ 5.14073486e+01  4.90435295e+01]
 [-1.20522518e+01 -8.95472488e+01]
 [-1.37071018e+01 -3.37329712e+01]
 [ 5.93381424e+01  1.17353153e+01]
 [ 3.02298717e+01  5.68806314e+00]
 [-1.64300137e+01  1.93630142e+01]
 [-7.76827383e+00 -1.48284369e+01]
 [-3.15563984e+01  5.72551804e+01]
 [ 1.87371483e+01 -7.34956741e+01]
 [-6.88621979e+01 -6.33641863e+00]
 [-8.32630386e+01  1.58581810e+01]
 [-3.19403973e+01  6.32298517e+00]
 [ 5.68276939e+01  9.87085819e+00]
 [-8.35108948e+01  1.69755535e+01]
 [ 6.73695602e+01 -1.42033339e+01]
 [-5.24285460e+00  6.37194710e+01]
 [ 2.87996006e+00  1.87473259e+01]
 [-2.97378407e+01  7.33476410e+01]
 [-1.05775995e+01 -5.68774796e+01]
 [-2.38908520e+01 -1.40243607e+01]
 [-6.61394298e-01 -2.84216480e+01]
 [-2.37411995e+01  6.82094727e+01]
 [-6.84566345e+01 -7.79033041e+00]
 [-4.59587708e+01 -2.62599659e+01]
 [ 1.98227768e+01 -7.24307709e+01]
 [-3.07777081e+01  1.06492586e+01]
 [ 5.33225365e+01  3.53413506e+01]
 [ 2.09307003e+01 -7.12528458e+01]
 [-5.59807320e+01 -3.49589233e+01]
 [-2.67288265e+01 -1.38324327e+01]
 [ 2.86041117e+00  1.03381805e+01]
 [-6.10602188e+00  4.80107460e+01]
 [ 1.22346268e+01  4.53400612e+01]
 [-1.30030937e+01  4.25798912e+01]
 [ 3.75102692e+01  5.92262764e+01]
 [-2.07193699e+01 -1.74084225e+01]
 [-1.34115429e+01  2.26982269e+01]
 [ 4.37060699e+01  1.48507452e+01]
 [-3.50542412e+01 -5.47343597e+01]
 [ 2.67439699e+00  1.98402710e+01]
 [ 1.68516598e+01  6.97218628e+01]
 [-2.14726734e+01  1.37617505e+00]
 [ 1.80580139e+01  6.98974838e+01]
 [ 5.48450813e+01  3.50661049e+01]
 [-6.89124146e+01 -9.37857723e+00]
 [-5.94891310e-01  9.09440136e+00]
 [ 6.28803778e+00  6.62993774e+01]
 [-6.05761375e+01  3.45517693e+01]
 [ 2.89922924e+01  2.72612839e+01]
 [ 3.80990295e+01 -3.88244514e+01]
 [ 8.08259048e+01 -5.93660831e+00]
 [-1.36891937e+01  4.29547920e+01]
 [-3.36553529e-02 -8.80948105e+01]
 [-6.53144913e+01  3.75854225e+01]
 [ 5.20615807e+01 -2.20085430e+01]
 [-6.16361122e+01  2.60795097e+01]
 [-6.23577213e+00  3.45407104e+01]
 [-3.45036888e+00  5.57167473e+01]
 [-2.55610466e+01  6.73807449e+01]
 [-1.98380413e+01  3.79650354e-01]
 [-5.34088936e+01 -3.24784927e+01]
 [ 3.59061813e+01  5.97942314e+01]
 [-2.44724154e+00 -3.14445362e+01]
 [ 6.43086777e+01 -2.29214249e+01]
 [ 2.95635796e+00 -8.75848541e+01]
 [-4.60373154e+01 -2.33543854e+01]
 [ 3.24587555e+01 -6.29057541e+01]
 [ 7.26980746e-01 -5.35162125e+01]
 [ 6.47607803e+00 -5.32862511e+01]
 [ 6.77422180e+01  1.59183741e+01]
 [ 2.71738987e+01  6.38644066e+01]
 [-3.28991628e+00 -3.17188702e+01]
 [-1.09264498e+01  4.19343948e+01]
 [-2.58426476e+00  2.81607876e+01]
 [-9.32232475e+00 -5.65272255e+01]
 [ 2.00802536e+01  6.57478790e+01]
 [-2.45340061e+01 -3.73101273e+01]
 [ 6.78484573e+01 -1.90453873e+01]
 [ 1.34064255e+01  4.49016685e+01]
 [ 2.49548435e+01 -1.14389086e+01]
 [-7.15138102e+00 -1.45756645e+01]
 [-6.15931654e+00  2.95187130e+01]
 [-1.29073210e+01 -5.71155739e+01]
 [ 2.86857452e+01  2.65569916e+01]
 [-1.00139418e+01 -8.93720856e+01]
 [-2.11283092e+01  5.97026901e+01]
 [ 5.34621506e+01 -5.30812149e+01]
 [ 1.03161087e+01 -1.80859203e+01]
 [-5.25271873e+01 -2.57010722e+00]
 [ 7.11942978e+01  1.62400398e+01]
 [-4.91589880e+00  4.89424629e+01]
 [-3.32958722e+00  5.51758232e+01]
 [ 2.55558128e+01 -6.57907867e+01]
 [ 5.28168564e+01 -2.92953968e+01]
 [-6.59636736e+00 -6.75915604e+01]
 [-3.39906883e+01 -1.00306683e+01]
 [-8.53125000e+00  3.99472046e+01]
 [-1.13885946e+01 -5.70619698e+01]
 [ 3.10128822e+01  3.24084511e+01]
 [-1.58372383e+01 -5.69861031e+01]
 [-2.68376198e+01  6.64114609e+01]
 [ 1.76798744e+01  4.27578163e+01]
 [-2.41869793e+01 -3.31506157e+01]
 [ 6.53367233e+01 -1.39091234e+01]
 [ 3.09133682e+01  3.05812187e+01]
 [-4.87755089e+01 -2.36683655e+01]
 [ 5.20483437e+01  4.30961342e+01]
 [ 3.05322208e+01  6.51514339e+00]
 [ 1.15333824e+01 -9.92411232e+00]
 [-6.54018250e+01 -1.04283495e+01]
 [-5.78833532e+00 -3.13048916e+01]
 [-5.50001812e+00 -6.70309143e+01]
 [-6.58249817e+01 -1.01870146e+01]
 [ 8.19014549e+00  9.23757362e+00]
 [-3.06353111e+01  5.89812851e+01]
 [ 3.05621319e+01  3.27863274e+01]
 [ 5.39736786e+01  2.86806965e+01]
 [ 6.79683685e+01 -1.31236029e+01]
 [ 1.97683370e+00 -5.33560295e+01]
 [-5.98731728e+01  3.46527710e+01]
 [ 3.89424553e+01 -3.49021454e+01]
 [ 5.38116608e+01 -5.34010773e+01]
 [-6.12142897e+00 -1.41429663e+01]
 [-5.72560158e+01 -3.53447113e+01]
 [-5.18188667e+00  6.34713440e+01]
 [ 1.64536610e+01 -4.84352798e+01]
 [-2.30403805e+00 -8.85075455e+01]
 [ 6.65433121e+01  1.52995052e+01]
 [-4.74313812e+01 -2.51057796e+01]
 [ 5.19383316e+01 -2.14694595e+01]
 [-6.65049820e+01  3.77568283e+01]
 [-7.07520962e+00  4.92729301e+01]
 [-3.79218445e+01 -1.39323978e+01]
 [-3.01534023e+01  4.17362642e+00]
 [-3.14215965e+01  5.91424179e+00]
 [-3.49683876e+01 -3.53413315e+01]
 [ 4.52941608e+00 -5.35494919e+01]
 [-1.56530666e+00 -2.98342457e+01]
 [-5.33604469e+01 -3.27929044e+00]
 [-3.38006439e+01 -5.64251556e+01]
 [ 1.21810207e+01 -8.45249081e+00]
 [-4.75668182e+01 -2.54122772e+01]
 [-3.54115829e+01  3.85787544e+01]
 [-3.31774368e+01 -5.72763786e+01]
 [-2.52415066e+01 -3.83384972e+01]
 [ 2.18303547e+01 -6.70766373e+01]
 [ 1.09418046e+00 -7.45324564e+00]
 [-5.86360092e+01  3.51392021e+01]
 [ 2.87480221e+01  1.54329371e+00]
 [-4.36283684e+01  6.08402824e+00]
 [-4.23122749e+01  2.06337109e+01]
 [-6.92034607e+01  6.92694378e+00]
 [-2.54806614e+01 -1.38345633e+01]
 [-6.42378082e+01  2.01564045e+01]
 [-8.29190598e+01  1.41826639e+01]
 [-6.92166615e+00  4.74958134e+00]
 [ 1.57699022e+01 -3.62618027e+01]
 [-5.61253071e+00  3.20754509e+01]
 [-7.66123235e-01 -8.82259674e+01]
 [ 3.48205590e+00  5.99941978e+01]
 [-6.76312408e+01 -9.12890625e+00]
 [ 6.54812317e+01  1.47837210e+01]
 [ 9.58524036e+00  9.11472511e+00]
 [ 5.01948433e+01 -3.56982231e+01]
 [-6.43901215e+01  1.64171429e+01]
 [ 1.98470726e+01 -1.05451555e+01]
 [ 2.80492902e+00  1.10737343e+01]
 [-3.99970589e+01  4.40516243e+01]
 [ 3.62743855e+00 -5.12406387e+01]
 [-6.32783356e+01  3.75441475e+01]
 [-3.83945808e+01  3.79257889e+01]
 [ 7.08047390e+00  9.37695408e+00]
 [-2.20178299e+01 -1.60190239e+01]
 [-3.33293877e+01  6.71622133e+00]
 [-6.18352470e+01  2.48474407e+01]
 [ 1.49800415e+01  4.43202171e+01]
 [ 5.78260727e+01  1.06810226e+01]
 [ 4.17556763e+01 -5.64728928e+00]
 [ 4.41381311e+00 -5.48605804e+01]
 [ 5.32710228e+01 -2.82308445e+01]
 [ 2.52338867e+01 -9.38038158e+00]
 [-5.47181435e+01  1.54025784e+01]
 [ 1.95041218e+01  4.21187973e+01]
 [-8.27538147e+01  7.16341352e+00]
 [-4.05448647e+01  3.27865944e+01]
 [ 5.22876930e+01  3.42241096e+01]
 [ 4.87631416e+01 -4.88135109e+01]
 [-2.36953163e+01 -1.27545633e+01]
 [ 3.38494072e+01 -6.22204552e+01]
 [ 5.22847443e+01  4.97284584e+01]
 [-1.77456760e+01  2.14378986e+01]
 [-8.20022583e+01  1.05457745e+01]
 [ 2.13244839e+01  1.34293184e+01]
 [ 7.21300812e+01  1.83272018e+01]
 [ 1.95443192e+01  6.36182327e+01]
 [-1.26245489e+01 -3.35078354e+01]
 [-3.56685424e+00 -8.87358932e+01]
 [-3.99841423e+01  3.41246605e+01]
 [-3.96647949e+01  4.28823738e+01]
 [ 3.52200813e+01 -3.71073494e+01]
 [-1.55203314e+01  2.06519794e+01]
 [ 4.30385857e+01 -4.40748672e+01]
 [ 6.98774033e+01  1.90077724e+01]
 [-1.73552990e+01  1.05429494e+00]
 [-5.35722427e+01 -3.57840118e+01]
 [ 2.81388664e+00 -7.75778341e+00]
 [ 2.08567524e+01 -6.56209641e+01]
 [-3.08259850e+01  1.03785152e+01]
 [-2.95876236e+01  2.93172860e+00]
 [-4.08563271e+01  2.19178352e+01]
 [ 1.09250345e+01 -1.01330471e+01]
 [ 5.23818398e+01 -3.09937210e+01]
 [ 6.58484726e+01 -3.39386368e+00]
 [-8.27318420e+01  1.29484863e+01]
 [-6.87386799e+00 -3.08371391e+01]
 [-3.58788567e+01  3.60241470e+01]
 [ 2.81756477e+01  6.47559280e+01]
 [ 1.04740801e+01 -1.80811405e+01]
 [ 4.38818130e+01  1.28587456e+01]
 [-6.69529247e+00 -6.89727249e+01]
 [ 1.77272606e+01 -4.69341049e+01]
 [-3.67890969e-02 -2.74956760e+01]
 [-3.66072159e+01  3.77140808e+01]]T-SNE at time '45' [[ 76.06287     22.722198  ]
 [ 51.447598    -1.4935147 ]
 [ 26.254797    38.66931   ]
 [-11.576798    45.531605  ]
 [-19.004776     1.4787886 ]
 [ 77.7394       5.887736  ]
 [-42.962215    -7.1422553 ]
 [-60.15399    -43.4587    ]
 [ 24.12144    -39.063107  ]
 [ 40.930626    36.923286  ]
 [ 11.32214     10.37001   ]
 [-23.801855   -14.882544  ]
 [ 69.681274   -43.482315  ]
 [ -7.176064   -50.522785  ]
 [ 44.412975   -40.179684  ]
 [ -4.972608   -47.53135   ]
 [ 71.43091     46.785984  ]
 [  1.2213055   14.951994  ]
 [-53.695824   -40.022507  ]
 [-34.19945    -60.78863   ]
 [-27.195051     1.5733671 ]
 [-12.023951    16.001078  ]
 [-43.357677    -4.808199  ]
 [-44.0835     -52.97104   ]
 [-43.44299     14.710596  ]
 [ 47.355663   -36.09146   ]
 [ -6.0759478   49.614063  ]
 [-27.223846   -36.71461   ]
 [  9.807687    73.83959   ]
 [-44.66751    -50.24321   ]
 [  1.1891934   13.604067  ]
 [ 87.39787     18.165245  ]
 [-27.704205    58.126354  ]
 [-61.34913    -23.584158  ]
 [ -8.529738   -51.225365  ]
 [ 40.820843   -45.933823  ]
 [ -5.859654    55.840412  ]
 [-43.619938    10.888527  ]
 [-23.792166    44.98423   ]
 [ 27.528065    27.84838   ]
 [ -6.3930955   33.17256   ]
 [ 34.802803    51.004543  ]
 [-38.48056     27.879705  ]
 [ 12.754153    21.221172  ]
 [-26.52368    -20.44806   ]
 [ 71.039055    44.823414  ]
 [-21.2166     -39.89177   ]
 [-55.85644      6.5009937 ]
 [-32.9869     -60.023518  ]
 [-41.884632    12.982978  ]
 [ 52.69131     38.703804  ]
 [  0.5916433  -28.212505  ]
 [ -6.673001    -8.928992  ]
 [ 63.54372    -15.132729  ]
 [ 48.88552    -31.283707  ]
 [-54.94032    -41.000862  ]
 [-41.363407    63.0054    ]
 [  6.963926    33.797745  ]
 [ 26.254688    75.17102   ]
 [ 64.86383    -16.51301   ]
 [-33.224613   -37.988834  ]
 [  3.9500644  -86.06174   ]
 [ 15.134216   -72.3473    ]
 [ 25.636179     1.6671926 ]
 [-12.455037    16.516247  ]
 [ 41.430195   -42.260513  ]
 [ 53.578217    37.486626  ]
 [ 27.736988     6.5086904 ]
 [ 66.82365      5.5010805 ]
 [-59.372364   -43.34518   ]
 [  4.0905313   75.22752   ]
 [  3.843865   -14.348915  ]
 [ 76.013115    22.746908  ]
 [ 48.943047   -31.917843  ]
 [ 34.337566   -56.483547  ]
 [-40.118828    55.23468   ]
 [-39.40153     -8.001497  ]
 [ 13.291843   -41.854683  ]
 [-17.37246      0.27752575]
 [-44.045998    10.093346  ]
 [ 31.54857     47.665733  ]
 [ 53.57632      2.3536127 ]
 [ 13.3882885  -19.11686   ]
 [ 23.686218    69.206085  ]
 [-65.51522     -0.5066395 ]
 [ 64.171646   -15.291824  ]
 [  7.2780223  -41.321583  ]
 [  6.0857134  -79.400795  ]
 [-12.882185    28.391415  ]
 [ 40.52742     13.187287  ]
 [ -1.6984533  -20.7869    ]
 [ 36.384087   -38.815422  ]
 [ 71.28176     46.0496    ]
 [ 25.94163     74.177216  ]
 [  0.6210694   -1.5176458 ]
 [ 47.565605   -19.254318  ]
 [-10.620235    46.43207   ]
 [  9.685621    73.58762   ]
 [ 13.791882   -41.86927   ]
 [-10.89833    -15.242611  ]
 [-49.74924     20.966105  ]
 [ 15.575697   -26.613487  ]
 [ 50.898132    -4.0328374 ]
 [-27.122864    57.080135  ]
 [ -5.9696555   56.30201   ]
 [-87.96918     -9.1466    ]
 [ 67.193184     5.1864896 ]
 [-32.43101     44.97945   ]
 [ 11.80132    -41.78932   ]
 [-26.849916    56.559513  ]
 [-59.277287     5.069047  ]
 [ 10.000663   -74.74068   ]
 [  3.5658848  -83.72713   ]
 [ -6.2086563  -51.344627  ]
 [ 51.595173    -2.334759  ]
 [-42.47382    -31.328999  ]
 [ 24.061085   -39.248333  ]
 [ 30.555508   -20.96067   ]
 [ 25.171255    38.900826  ]
 [ 27.514908    -7.628884  ]
 [-46.91333     21.966951  ]
 [ -6.537238   -48.498466  ]
 [-22.057478   -38.663776  ]
 [-23.67188     47.571217  ]
 [-58.11682      3.8523867 ]
 [-14.667135   -65.36329   ]
 [  4.36998     76.05609   ]
 [ 26.498098    32.090893  ]
 [ 79.12288      8.793071  ]
 [  2.487643    74.55383   ]
 [ 50.624607   -32.934452  ]
 [-57.08445    -42.850555  ]
 [ 29.356684   -10.762739  ]
 [-13.502887    17.750227  ]
 [  9.761173   -13.144293  ]
 [-43.79789    -34.049103  ]
 [ 38.50525    -35.842808  ]
 [-41.998318   -27.781023  ]
 [-15.755083   -31.567465  ]
 [ 75.830666   -10.393131  ]
 [-30.398848    30.906713  ]
 [-59.53388    -41.628647  ]
 [-67.4576      -2.5558362 ]
 [-57.82453     29.091492  ]
 [-23.754265    48.427914  ]
 [ 74.96614      7.6961613 ]
 [ 35.654964    17.664999  ]
 [ 24.524902     0.81867576]
 [-34.71049     30.781122  ]
 [ -6.4580894   33.13877   ]
 [ 86.48886     17.416323  ]
 [-37.005184    12.767389  ]
 [-25.898315   -20.768589  ]
 [ 76.97885      7.246238  ]
 [ 28.515154   -11.290889  ]
 [ 40.57273    -44.608936  ]
 [-65.18999      2.2439747 ]
 [ 15.439069    54.42627   ]
 [-74.83371    -11.747784  ]
 [  9.489122    24.845917  ]
 [-27.740162   -19.984167  ]
 [ 35.0527     -52.85856   ]
 [-29.254082    29.950583  ]
 [-16.239368    -0.28671464]
 [-34.64638     30.380442  ]
 [-58.041492    29.264936  ]
 [  5.97649    -79.555405  ]
 [ -7.0765195   -9.872808  ]
 [ 68.897545   -42.75513   ]
 [ 45.34894     40.86474   ]
 [ 27.337358    35.860416  ]
 [-23.84916      2.163106  ]
 [-62.0015     -43.685974  ]
 [-34.75348    -61.13856   ]
 [-56.73414      5.345898  ]
 [ 15.038205   -24.790363  ]
 [ 27.32079     39.967274  ]
 [-50.91323     21.206945  ]
 [ 67.037865   -24.373322  ]
 [ 14.826787    22.683517  ]
 [-75.77237    -11.150216  ]
 [ 48.444786   -20.612865  ]
 [-13.696574    26.000782  ]
 [ 23.650639    68.63545   ]
 [ 34.80971    -53.304348  ]
 [  9.60779     61.525208  ]
 [-64.52213    -22.380629  ]
 [-70.86298     44.72571   ]
 [-60.957447    31.729382  ]
 [ 33.230305   -38.259987  ]
 [-70.97343     45.82285   ]
 [ 64.43121      7.1469736 ]
 [ 12.121986    12.137267  ]
 [-21.422241    44.13844   ]
 [-40.459442    -6.621098  ]
 [ 40.88905     36.1977    ]
 [-32.75805     44.85288   ]
 [ 47.289417   -33.938526  ]
 [  5.61952    -41.297844  ]
 [ 32.782413   -54.8853    ]
 [ 31.960934   -14.324195  ]
 [ 35.409454    17.885262  ]
 [-14.91691    -66.123085  ]
 [ 34.60794    -38.384106  ]
 [ 60.384815    16.30829   ]
 [ 14.473199    18.481825  ]
 [  0.9230312   -1.8962282 ]
 [-43.654392   -22.599085  ]
 [-24.14772    -38.63394   ]
 [-69.63345    -21.285973  ]
 [-47.96947     20.614765  ]
 [-61.724663     1.6659456 ]
 [ 36.596275    56.086945  ]
 [ 13.478274   -19.33264   ]
 [-28.357092     1.2284296 ]
 [-40.133442    55.450333  ]
 [ 87.766205    18.466515  ]
 [-56.439053   -43.87588   ]
 [ -8.894387   -13.313986  ]
 [-36.95189    -62.713352  ]
 [ 26.067087   -12.704491  ]
 [-47.688683    20.01398   ]
 [-40.92564     62.160294  ]
 [-35.991188   -62.02585   ]
 [-58.57989      3.1080656 ]
 [ 10.776043    10.353186  ]
 [ 71.659035    47.815617  ]
 [ 79.84892      9.388085  ]
 [-44.66411    -49.568504  ]
 [ 15.487708    54.320213  ]
 [ -9.290378    12.683265  ]
 [ 51.72598    -33.85422   ]
 [-62.582798   -23.133802  ]
 [ 33.841454   -55.191628  ]
 [ 43.790726   -32.59024   ]
 [-79.786385   -10.998021  ]
 [-10.012887   -14.453396  ]
 [-21.236454   -37.60352   ]
 [-42.341312   -23.02445   ]
 [ 10.242155    22.427675  ]
 [ 76.22073      7.438365  ]
 [  9.613131    61.50362   ]
 [ 39.92662    -43.149323  ]
 [ 43.578125    39.860973  ]
 [ 45.523026   -18.502542  ]
 [ 47.34226    -17.44412   ]
 [ 26.236418     0.11906052]
 [-39.71409     -5.7066703 ]
 [ 35.150093    51.09857   ]
 [ 30.811825   -13.49077   ]
 [  1.8571825   -3.0501807 ]
 [ 45.33819     42.27404   ]
 [-23.088282   -16.294613  ]
 [  4.8426247  -41.31925   ]
 [-23.243591     2.1625795 ]
 [-25.592224     1.943391  ]
 [ 49.77943     -7.3665485 ]
 [ 11.575816    24.648615  ]
 [ 15.184465   -25.288599  ]
 [ 37.22991     55.967255  ]
 [-15.558388   -31.10118   ]
 [ 44.825775   -33.212288  ]
 [-35.0995      12.791037  ]
 [ 35.30807     56.661274  ]
 [-12.366192    29.376667  ]
 [-52.967564   -39.448536  ]
 [ 84.337585    15.40422   ]
 [-43.16658    -32.857536  ]
 [-44.499493   -48.219185  ]
 [ 68.32797    -25.523233  ]
 [ 38.005997    14.682968  ]
 [ 67.36301    -24.688698  ]
 [  6.8797607   34.13096   ]
 [ 37.44608    -36.99389   ]
 [ 40.09807     38.174713  ]
 [ 15.334733   -72.26117   ]
 [ 26.505846    33.60014   ]
 [  3.843009   -41.486073  ]
 [ 53.23958     -2.4890232 ]
 [ 12.040607    25.783428  ]
 [  0.6631097  -85.31885   ]
 [ -6.763238    51.935913  ]
 [ -7.871511   -47.55382   ]
 [-32.099007    30.633226  ]
 [ -6.1162825   57.53259   ]
 [ 25.962282     2.4098854 ]
 [-57.819412    16.405561  ]
 [ 14.839876    17.802765  ]
 [ 48.639927   -36.17039   ]
 [-64.12227    -22.556267  ]
 [ -7.7940726  -11.342669  ]
 [ 38.542217   -43.380848  ]
 [ -6.4406295   50.275032  ]
 [-14.984263   -29.674923  ]
 [ 65.302246     6.4908276 ]
 [-13.213233    27.658112  ]
 [-58.3412       1.3458953 ]
 [  2.7775023  -84.87627   ]
 [ 23.668892    67.16225   ]
 [  5.7152524   76.91242   ]
 [ -2.0009499  -47.094734  ]
 [ -3.557642   -46.533886  ]
 [ 27.193134   -12.087562  ]
 [ 27.611181    27.591375  ]
 [  0.78288114 -28.886946  ]
 [ 68.51956    -42.40481   ]
 [ 60.831806    16.44319   ]
 [-15.261521   -67.17885   ]
 [ 30.592937   -21.085543  ]
 [  4.207289   -14.225376  ]
 [-61.23194     31.968443  ]
 [-56.752518    17.70979   ]
 [-14.300967   -64.24905   ]
 [ 28.014168     7.1131377 ]
 [ 39.386734    14.7754545 ]
 [-41.851288   -23.065193  ]
 [ -2.7153745  -21.417238  ]
 [ 65.37252    -14.7267685 ]
 [ 26.973337    35.794716  ]
 [-42.351624    13.005031  ]
 [-37.45677     28.540703  ]
 [ -0.5862273  -19.075033  ]
 [ 40.198124    15.912424  ]
 [ -9.475009    12.910443  ]
 [-72.45746      4.3166223 ]
 [ 49.464252    -8.37328   ]
 [  0.27765626 -27.103245  ]
 [-64.55794      1.4300362 ]
 [-87.89545     -9.17232   ]
 [ -0.27203795 -18.647646  ]
 [-63.224304   -43.752106  ]
 [-70.82387     44.256004  ]
 [  9.568973   -13.446482  ]
 [ 11.148991   -74.13482   ]
 [-24.586315   -39.031563  ]
 [ 46.66838     40.36753   ]
 [ 23.241573     0.47466663]
 [-26.3979     -37.15492   ]
 [-69.67429    -21.13015   ]
 [-39.779816    60.11444   ]
 [ 75.761475   -10.391247  ]
 [-72.44116      4.4411693 ]
 [ 50.481686    -0.70709175]
 [-18.759659     1.1362653 ]
 [-42.146015   -29.248829  ]
 [ 36.015083   -38.36565   ]
 [-22.639935   -16.635374  ]
 [-35.59629     12.785961  ]
 [ 32.431583    48.50229   ]
 [-36.13749     29.373934  ]
 [-58.991497   -47.34959   ]
 [-59.08392    -46.08147   ]
 [ 52.937405     1.3336474 ]
 [ 27.650537    -8.09533   ]
 [ 33.57281     49.72062   ]
 [  3.446011    77.59013   ]
 [ 41.7122      38.306072  ]
 [-29.903702    31.828417  ]
 [-42.38227     -6.4874167 ]
 [ 50.39774     -5.4798613 ]
 [-77.33413     -8.368784  ]
 [ -3.530685   -45.85275   ]
 [-44.357143   -51.938755  ]
 [ 25.782957    73.70849   ]
 [ -8.19708    -12.113997  ]
 [ 52.826565    38.38598   ]
 [ 33.130848   -14.898394  ]
 [ -5.297414    48.51328   ]
 [-77.72704     -9.964703  ]
 [ 12.39251      9.191199  ]
 [-33.434338   -38.01427   ]
 [-56.107536     3.3458352 ]
 [  5.2901535   73.65345   ]
 [ 46.49485    -37.57175   ]
 [-58.972713    17.512209  ]
 [-78.428696   -10.306237  ]
 [  1.9967123  -85.01696   ]
 [-14.460809    18.557394  ]
 [ 62.18208     16.789715  ]
 [-42.33452    -30.669573  ]
 [ 11.370675    23.755505  ]
 [  1.1729391   13.068853  ]
 [-10.249849    46.79697   ]
 [ 40.856285    12.706585  ]
 [-24.975924   -21.786255  ]
 [  6.55103     35.450935  ]
 [-40.06834     60.521175  ]
 [ 11.670522   -73.86057   ]
 [ 47.087082   -18.642883  ]
 [ 85.241646    16.349874  ]
 [-66.4953      -1.6960746 ]
 [-20.39705     43.655827  ]
 [-61.478157     0.49608234]
 [-43.65287     -8.14969   ]
 [ 13.290828    22.211489  ]
 [-23.339712    45.24274   ]
 [ 38.59215     56.232613  ]
 [ 28.550146     8.261218  ]
 [  1.3792646   74.27715   ]
 [-57.7789      15.750557  ]]